0 0.46015625 0.28203125 0.025 0.02109375
0 0.69140625 0.3296875 0.03125 0.02109375
0 0.56796875 0.38203125 0.02734375 0.0234375
0 0.48046875 0.4078125 0.02578125 0.01953125
0 0.45078125 0.43046875 0.03203125 0.025
0 0.15625 0.490625 0.03359375 0.02734375
0 0.3609375 0.44296875 0.0234375 0.02265625
0 0.25625 0.5390625 0.03125 0.03203125
0 0.41328125 0.534375 0.040625 0.02890625
0 0.3234375 0.58125 0.034375 0.02578125
0 0.29609375 0.61015625 0.05078125 0.034375
0 0.859375 0.58671875 0.03984375 0.0359375